Run semi-empirical minimization
 &qmmm
    qm_theory='AM1', grms_tol=0.0005,
 scfconv=1.d-10, ndiis_attempts=700,   qmcharge=-1,
 /
   6    CA       -8.9390      -11.1310      -30.1390 
   6    CB       -8.9030      -12.3660      -31.0710 
   6    CG      -11.5450      -12.7770      -36.5620 
   6    CD       -9.9960      -13.5680      -33.0340 
   6    CE      -11.0310      -13.5070      -34.1810 
   6    C1       -0.0840      -11.0470      -36.6960 
   8    O1        1.3320      -11.2170      -36.7210 
   6    C2       -0.5460      -10.7780      -35.2520 
   6    C3       -2.0730      -10.5690      -35.1920 
   6    C4       -2.5660      -10.4030      -33.7390 
   6    C5       -4.0950      -10.2030      -33.6940 
   6    C6       -4.6210      -10.1780      -32.2430 
   6    C7       -6.1550      -10.0180      -32.2110 
   6    C8       -6.6880      -10.0260      -30.7620 
   6    C9       -8.2290       -9.8780      -30.7040 
   6    CC       -9.8240      -12.2150      -32.3040 
   6    CF      -10.5010      -12.7680      -35.4290 
   1  HGC3      -11.8090      -13.8010      -36.8370 
   1  HGC2      -12.4540      -12.2560      -36.2520 
   1  HGC1      -11.1480      -12.2770      -37.4480 
   1  HFC2      -10.2540      -11.7340      -35.1810 
   1  HFC1       -9.5870      -13.2520      -35.7820 
   1  HEC2      -11.2900      -14.5300      -34.4650 
   1  HEC1      -11.9490      -13.0320      -33.8260 
   1  HDC2       -9.0320      -13.9130      -33.4180 
   1  HDC1      -10.3390      -14.3130      -32.3120 
   1  HCC2      -10.8060      -11.8590      -31.9810 
   1  HCC1       -9.4090      -11.4700      -32.9860 
   1  HBC2       -7.8800      -12.5780      -31.3910 
   1  HBC1       -9.2370      -13.2290      -30.4890 
   1  HAC2       -8.4790      -11.3960      -29.1830 
   1  HAC1       -9.9800      -10.8820      -29.9200 
   1  H9C2       -8.4630       -9.0370      -30.0460 
   1  H9C1       -8.6370       -9.6190      -31.6840 
   1  H8C2       -6.3710      -10.9430      -30.2590 
   1  H8C1       -6.2330       -9.1960      -30.2150 
   1  H7C2       -6.4320       -9.0770      -32.6940 
   1  H7C1       -6.6210      -10.8290      -32.7760 
   1  H6C2       -4.3430      -11.1090      -31.7410 
   1  H6C1       -4.1520       -9.3550      -31.6970 
   1  H5C2       -4.3550       -9.2660      -34.1940 
   1  H5C1       -4.5840      -11.0150      -34.2380 
   1  H4C2       -2.2970      -11.2930      -33.1630 
   1  H4C1       -2.0690       -9.5470      -33.2750 
   1  H3C2       -2.3430       -9.6850      -35.7750 
   1  H3C1       -2.5740      -11.4290      -35.6450 
   1  H2C2       -0.2640      -11.6240      -34.6200 
   1  H2C1       -0.0380       -9.8910      -34.8640 
   1  H1C2       -0.3590      -10.2060      -37.3390 
   1  H1C1       -0.5620      -11.9550      -37.0750 

